1 -0.5 0 0.05
2 -0.5 2 0.05
3 -0.5 0 -0.05
4 -0.5 2 -0.05
5 0.5 0 0.05
6 0.5 2 0.05
7 0.5 0 -0.05
8 0.5 2 -0.05
9 -0.35 1.2 -0.04
10 -0.35 1.7 -0.04
11 -0.35 1.2 -0.07
12 -0.35 1.7 -0.07
13 0.35 1.2 -0.04
14 0.35 1.7 -0.04
15 0.35 1.2 -0.07
16 0.35 1.7 -0.07
17 -0.35 0.2 -0.04
18 -0.35 0.9 -0.04
19 -0.35 0.2 -0.07
20 -0.35 0.9 -0.07
21 0.35 0.2 -0.04
22 0.35 0.9 -0.04
23 0.35 0.2 -0.07
24 0.35 0.9 -0.07
25 0.38 1.03923 -0.097804
26 0.38 1.03696 -0.105307
27 0.38 1.03326 -0.112223
28 0.38 1.02828 -0.118284
29 0.38 1.02222 -0.123259
30 0.38 1.01531 -0.126955
31 0.38 1.0078 -0.129231
32 0.38 1 -0.13
33 0.38 0.992196 -0.129231
34 0.38 0.966741 -0.112223
35 0.381522 1.03923 -0.097654
36 0.382986 1.03696 -0.105013
37 0.384335 1.03326 -0.111796
38 0.385518 1.02828 -0.117741
39 0.386488 1.02222 -0.12262
40 0.38721 1.01531 -0.126245
41 0.387654 1.0078 -0.128478
42 0.387804 1 -0.129231
43 0.387654 0.992196 -0.128478
44 0.38721 0.984693 -0.126245
45 0.386488 0.977777 -0.12262
46 0.385518 0.971716 -0.117741
47 0.384335 0.966741 -0.111796
48 0.382986 0.963045 -0.105013
49 0.381522 0.960769 -0.097654
50 0.382986 1.03923 -0.09721
51 0.385858 1.03696 -0.104142
52 0.388504 1.03326 -0.110531
53 0.390824 1.02828 -0.116131
54 0.392728 1.02222 -0.120727
55 0.394142 1.01531 -0.124142
56 0.395013 1.0078 -0.126245
57 0.395307 1 -0.126955
58 0.395013 0.992196 -0.126245
59 0.394142 0.984693 -0.124142
60 0.392728 0.977777 -0.120727
61 0.390824 0.971716 -0.116131
62 0.388504 0.966741 -0.110531
63 0.385858 0.963045 -0.104142
64 0.382986 0.960769 -0.09721
65 0.384335 1.03923 -0.096488
66 0.388504 1.03696 -0.102728
67 0.392346 1.03326 -0.108478
68 0.395714 1.02828 -0.113518
69 0.398478 1.02222 -0.117654
70 0.400531 1.01531 -0.120727
71 0.401796 1.0078 -0.12262
72 0.402223 1 -0.123259
73 0.401796 0.992196 -0.12262
74 0.400531 0.984693 -0.120727
75 0.398478 0.977777 -0.117654
76 0.395714 0.971716 -0.113518
77 0.392346 0.966741 -0.108478
78 0.388504 0.963045 -0.102728
79 0.384335 0.960769 -0.096488
80 0.385518 1.03923 -0.095518
81 0.390824 1.03696 -0.100824
82 0.395714 1.03326 -0.105714
83 0.4 1.02828 -0.11
84 0.403517 1.02222 -0.113518
85 0.406131 1.01531 -0.116131
86 0.407741 1.0078 -0.117741
87 0.408284 1 -0.118284
88 0.407741 0.992196 -0.117741
89 0.406131 0.984693 -0.116131
90 0.403517 0.977777 -0.113518
91 0.4 0.971716 -0.11
92 0.395714 0.966741 -0.105714
93 0.390824 0.963045 -0.100824
94 0.385518 0.960769 -0.095518
95 0.386488 1.03923 -0.094335
96 0.392728 1.03696 -0.098504
97 0.398478 1.03326 -0.102346
98 0.403517 1.02828 -0.105714
99 0.407654 1.02222 -0.108478
100 0.410727 1.01531 -0.110531
101 0.41262 1.0078 -0.111796
102 0.413259 1 -0.112223
103 0.41262 0.992196 -0.111796
104 0.410727 0.984693 -0.110531
105 0.407654 0.977777 -0.108478
106 0.403517 0.971716 -0.105714
107 0.398478 0.966741 -0.102346
108 0.392728 0.963045 -0.098504
109 0.386488 0.960769 -0.094335
110 0.38721 1.03923 -0.092986
111 0.394142 1.03696 -0.095858
112 0.400531 1.03326 -0.098504
113 0.406131 1.02828 -0.100824
114 0.410727 1.02222 -0.102728
115 0.414142 1.01531 -0.104142
116 0.416245 1.0078 -0.105013
117 0.416955 1 -0.105307
118 0.416245 0.992196 -0.105013
119 0.414142 0.984693 -0.104142
120 0.410727 0.977777 -0.102728
121 0.406131 0.971716 -0.100824
122 0.400531 0.966741 -0.098504
123 0.394142 0.963045 -0.095858
124 0.38721 0.960769 -0.092986
125 0.387654 1.03923 -0.091522
126 0.395013 1.03696 -0.092986
127 0.401796 1.03326 -0.094335
128 0.407741 1.02828 -0.095518
129 0.41262 1.02222 -0.096488
130 0.416245 1.01531 -0.09721
131 0.418478 1.0078 -0.097654
132 0.419231 1 -0.097804
133 0.418478 0.992196 -0.097654
134 0.416245 0.984693 -0.09721
135 0.41262 0.977777 -0.096488
136 0.407741 0.971716 -0.095518
137 0.401796 0.966741 -0.094335
138 0.395013 0.963045 -0.092986
139 0.387654 0.960769 -0.091522
140 0.387804 1.03923 -0.09
141 0.395307 1.03696 -0.09
142 0.402223 1.03326 -0.09
143 0.408284 1.02828 -0.09
144 0.413259 1.02222 -0.09
145 0.416955 1.01531 -0.09
146 0.419231 1.0078 -0.09
147 0.42 1 -0.09
148 0.419231 0.992196 -0.09
149 0.416955 0.984693 -0.09
150 0.413259 0.977777 -0.09
151 0.408284 0.971716 -0.09
152 0.402223 0.966741 -0.09
153 0.395307 0.963045 -0.09
154 0.387804 0.960769 -0.09
155 0.387654 1.03923 -0.088478
156 0.395013 1.03696 -0.087014
157 0.401796 1.03326 -0.085665
158 0.407741 1.02828 -0.084482
159 0.41262 1.02222 -0.083512
160 0.416245 1.01531 -0.08279
161 0.418478 1.0078 -0.082346
162 0.419231 1 -0.082196
163 0.418478 0.992196 -0.082346
164 0.416245 0.984693 -0.08279
165 0.41262 0.977777 -0.083512
166 0.407741 0.971716 -0.084482
167 0.401796 0.966741 -0.085665
168 0.395013 0.963045 -0.087014
169 0.387654 0.960769 -0.088478
170 0.38721 1.03923 -0.087014
171 0.394142 1.03696 -0.084142
172 0.400531 1.03326 -0.081496
173 0.406131 1.02828 -0.079176
174 0.410727 1.02222 -0.077272
175 0.414142 1.01531 -0.075858
176 0.416245 1.0078 -0.074987
177 0.416955 1 -0.074693
178 0.416245 0.992196 -0.074987
179 0.414142 0.984693 -0.075858
180 0.410727 0.977777 -0.077272
181 0.406131 0.971716 -0.079176
182 0.400531 0.966741 -0.081496
183 0.394142 0.963045 -0.084142
184 0.38721 0.960769 -0.087014
185 0.386488 1.03923 -0.085665
186 0.392728 1.03696 -0.081496
187 0.398478 1.03326 -0.077654
188 0.403517 1.02828 -0.074286
189 0.407654 1.02222 -0.071522
190 0.410727 1.01531 -0.069469
191 0.41262 1.0078 -0.068204
192 0.413259 1 -0.067777
193 0.41262 0.992196 -0.068204
194 0.410727 0.984693 -0.069469
195 0.407654 0.977777 -0.071522
196 0.403517 0.971716 -0.074286
197 0.398478 0.966741 -0.077654
198 0.392728 0.963045 -0.081496
199 0.386488 0.960769 -0.085665
200 0.385518 1.03923 -0.084482
201 0.390824 1.03696 -0.079176
202 0.395714 1.03326 -0.074286
203 0.4 1.02828 -0.07
204 0.403517 1.02222 -0.066482
205 0.406131 1.01531 -0.063869
206 0.407741 1.0078 -0.062259
207 0.408284 1 -0.061716
208 0.407741 0.992196 -0.062259
209 0.406131 0.984693 -0.063869
210 0.403517 0.977777 -0.066482
211 0.4 0.971716 -0.07
212 0.395714 0.966741 -0.074286
213 0.390824 0.963045 -0.079176
214 0.385518 0.960769 -0.084482
215 0.384335 1.03923 -0.083512
216 0.388504 1.03696 -0.077272
217 0.392346 1.03326 -0.071522
218 0.395714 1.02828 -0.066482
219 0.398478 1.02222 -0.062346
220 0.400531 1.01531 -0.059273
221 0.401796 1.0078 -0.05738
222 0.402223 1 -0.056741
223 0.401796 0.992196 -0.05738
224 0.400531 0.984693 -0.059273
225 0.398478 0.977777 -0.062346
226 0.395714 0.971716 -0.066482
227 0.392346 0.966741 -0.071522
228 0.388504 0.963045 -0.077272
229 0.384335 0.960769 -0.083512
230 0.38 0.96 -0.09
231 0.382986 1.03923 -0.08279
232 0.385858 1.03696 -0.075858
233 0.388504 1.03326 -0.069469
234 0.390824 1.02828 -0.063869
235 0.392728 1.02222 -0.059273
236 0.394142 1.01531 -0.055858
237 0.395013 1.0078 -0.053755
238 0.395307 1 -0.053045
239 0.395013 0.992196 -0.053755
240 0.394142 0.984693 -0.055858
241 0.392728 0.977777 -0.059273
242 0.390824 0.971716 -0.063869
243 0.388504 0.966741 -0.069469
244 0.385858 0.963045 -0.075858
245 0.382986 0.960769 -0.08279
246 0.381522 1.03923 -0.082346
247 0.382986 1.03696 -0.074987
248 0.384335 1.03326 -0.068204
249 0.385518 1.02828 -0.062259
250 0.386488 1.02222 -0.05738
251 0.38721 1.01531 -0.053755
252 0.387654 1.0078 -0.051522
253 0.387804 1 -0.050769
254 0.387654 0.992196 -0.051522
255 0.38721 0.984693 -0.053755
256 0.386488 0.977777 -0.05738
257 0.385518 0.971716 -0.062259
258 0.384335 0.966741 -0.068204
259 0.382986 0.963045 -0.074987
260 0.381522 0.960769 -0.082346
261 0.38 1.03923 -0.082196
262 0.38 1.03696 -0.074693
263 0.38 1.03326 -0.067777
264 0.38 1.02828 -0.061716
265 0.38 1.02222 -0.056741
266 0.38 1.01531 -0.053045
267 0.38 1.0078 -0.050769
268 0.38 1 -0.05
269 0.38 0.992196 -0.050769
270 0.38 0.984693 -0.053045
271 0.38 0.977777 -0.056741
272 0.38 0.971716 -0.061716
273 0.38 0.966741 -0.067777
274 0.38 0.963045 -0.074693
275 0.38 0.960769 -0.082196
276 0.378478 1.03923 -0.082346
277 0.377014 1.03696 -0.074987
278 0.375665 1.03326 -0.068204
279 0.374482 1.02828 -0.062259
280 0.373512 1.02222 -0.05738
281 0.37279 1.01531 -0.053755
282 0.372346 1.0078 -0.051522
283 0.372196 1 -0.050769
284 0.372346 0.992196 -0.051522
285 0.37279 0.984693 -0.053755
286 0.373512 0.977777 -0.05738
287 0.374482 0.971716 -0.062259
288 0.375665 0.966741 -0.068204
289 0.377014 0.963045 -0.074987
290 0.378478 0.960769 -0.082346
291 0.377014 1.03923 -0.08279
292 0.374142 1.03696 -0.075858
293 0.371496 1.03326 -0.069469
294 0.369176 1.02828 -0.063869
295 0.367272 1.02222 -0.059273
296 0.365858 1.01531 -0.055858
297 0.364987 1.0078 -0.053755
298 0.364693 1 -0.053045
299 0.364987 0.992196 -0.053755
300 0.365858 0.984693 -0.055858
301 0.367272 0.977777 -0.059273
302 0.369176 0.971716 -0.063869
303 0.371496 0.966741 -0.069469
304 0.374142 0.963045 -0.075858
305 0.377014 0.960769 -0.08279
306 0.375665 1.03923 -0.083512
307 0.371496 1.03696 -0.077272
308 0.367654 1.03326 -0.071522
309 0.364286 1.02828 -0.066482
310 0.361522 1.02222 -0.062346
311 0.359469 1.01531 -0.059273
312 0.358204 1.0078 -0.05738
313 0.357777 1 -0.056741
314 0.358204 0.992196 -0.05738
315 0.359469 0.984693 -0.059273
316 0.361522 0.977777 -0.062346
317 0.364286 0.971716 -0.066482
318 0.367654 0.966741 -0.071522
319 0.371496 0.963045 -0.077272
320 0.375665 0.960769 -0.083512
321 0.38 1.04 -0.09
322 0.374482 1.03923 -0.084482
323 0.369176 1.03696 -0.079176
324 0.364286 1.03326 -0.074286
325 0.36 1.02828 -0.07
326 0.356483 1.02222 -0.066482
327 0.353869 1.01531 -0.063869
328 0.352259 1.0078 -0.062259
329 0.351716 1 -0.061716
330 0.352259 0.992196 -0.062259
331 0.353869 0.984693 -0.063869
332 0.356483 0.977777 -0.066482
333 0.36 0.971716 -0.07
334 0.364286 0.966741 -0.074286
335 0.369176 0.963045 -0.079176
336 0.374482 0.960769 -0.084482
337 0.373512 1.03923 -0.085665
338 0.367272 1.03696 -0.081496
339 0.361522 1.03326 -0.077654
340 0.356483 1.02828 -0.074286
341 0.352346 1.02222 -0.071522
342 0.349273 1.01531 -0.069469
343 0.34738 1.0078 -0.068204
344 0.346741 1 -0.067777
345 0.34738 0.992196 -0.068204
346 0.349273 0.984693 -0.069469
347 0.352346 0.977777 -0.071522
348 0.356483 0.971716 -0.074286
349 0.361522 0.966741 -0.077654
350 0.367272 0.963045 -0.081496
351 0.373512 0.960769 -0.085665
352 0.37279 1.03923 -0.087014
353 0.365858 1.03696 -0.084142
354 0.359469 1.03326 -0.081496
355 0.353869 1.02828 -0.079176
356 0.349273 1.02222 -0.077272
357 0.345858 1.01531 -0.075858
358 0.343755 1.0078 -0.074987
359 0.343045 1 -0.074693
360 0.343755 0.992196 -0.074987
361 0.345858 0.984693 -0.075858
362 0.349273 0.977777 -0.077272
363 0.353869 0.971716 -0.079176
364 0.359469 0.966741 -0.081496
365 0.365858 0.963045 -0.084142
366 0.37279 0.960769 -0.087014
367 0.372346 1.03923 -0.088478
368 0.364987 1.03696 -0.087014
369 0.358204 1.03326 -0.085665
370 0.352259 1.02828 -0.084482
371 0.34738 1.02222 -0.083512
372 0.343755 1.01531 -0.08279
373 0.341522 1.0078 -0.082346
374 0.340769 1 -0.082196
375 0.341522 0.992196 -0.082346
376 0.343755 0.984693 -0.08279
377 0.34738 0.977777 -0.083512
378 0.352259 0.971716 -0.084482
379 0.358204 0.966741 -0.085665
380 0.364987 0.963045 -0.087014
381 0.372346 0.960769 -0.088478
382 0.372196 1.03923 -0.09
383 0.364693 1.03696 -0.09
384 0.357777 1.03326 -0.09
385 0.351716 1.02828 -0.09
386 0.346741 1.02222 -0.09
387 0.343045 1.01531 -0.09
388 0.340769 1.0078 -0.09
389 0.34 1 -0.09
390 0.340769 0.992196 -0.09
391 0.343045 0.984693 -0.09
392 0.346741 0.977777 -0.09
393 0.351716 0.971716 -0.09
394 0.357777 0.966741 -0.09
395 0.364693 0.963045 -0.09
396 0.372196 0.960769 -0.09
397 0.372346 1.03923 -0.091522
398 0.364987 1.03696 -0.092986
399 0.358204 1.03326 -0.094335
400 0.352259 1.02828 -0.095518
401 0.34738 1.02222 -0.096488
402 0.343755 1.01531 -0.09721
403 0.341522 1.0078 -0.097654
404 0.340769 1 -0.097804
405 0.341522 0.992196 -0.097654
406 0.343755 0.984693 -0.09721
407 0.34738 0.977777 -0.096488
408 0.352259 0.971716 -0.095518
409 0.358204 0.966741 -0.094335
410 0.364987 0.963045 -0.092986
411 0.372346 0.960769 -0.091522
412 0.37279 1.03923 -0.092986
413 0.365858 1.03696 -0.095858
414 0.359469 1.03326 -0.098504
415 0.353869 1.02828 -0.100824
416 0.349273 1.02222 -0.102728
417 0.345858 1.01531 -0.104142
418 0.343755 1.0078 -0.105013
419 0.343045 1 -0.105307
420 0.343755 0.992196 -0.105013
421 0.345858 0.984693 -0.104142
422 0.349273 0.977777 -0.102728
423 0.353869 0.971716 -0.100824
424 0.359469 0.966741 -0.098504
425 0.365858 0.963045 -0.095858
426 0.37279 0.960769 -0.092986
427 0.373512 1.03923 -0.094335
428 0.367272 1.03696 -0.098504
429 0.361522 1.03326 -0.102346
430 0.356483 1.02828 -0.105714
431 0.352346 1.02222 -0.108478
432 0.349273 1.01531 -0.110531
433 0.34738 1.0078 -0.111796
434 0.346741 1 -0.112223
435 0.34738 0.992196 -0.111796
436 0.349273 0.984693 -0.110531
437 0.352346 0.977777 -0.108478
438 0.356483 0.971716 -0.105714
439 0.361522 0.966741 -0.102346
440 0.367272 0.963045 -0.098504
441 0.373512 0.960769 -0.094335
442 0.374482 1.03923 -0.095518
443 0.369176 1.03696 -0.100824
444 0.364286 1.03326 -0.105714
445 0.36 1.02828 -0.11
446 0.356483 1.02222 -0.113518
447 0.353869 1.01531 -0.116131
448 0.352259 1.0078 -0.117741
449 0.351716 1 -0.118284
450 0.352259 0.992196 -0.117741
451 0.353869 0.984693 -0.116131
452 0.356483 0.977777 -0.113518
453 0.36 0.971716 -0.11
454 0.364286 0.966741 -0.105714
455 0.369176 0.963045 -0.100824
456 0.374482 0.960769 -0.095518
457 0.375665 1.03923 -0.096488
458 0.371496 1.03696 -0.102728
459 0.367654 1.03326 -0.108478
460 0.364286 1.02828 -0.113518
461 0.361522 1.02222 -0.117654
462 0.359469 1.01531 -0.120727
463 0.358204 1.0078 -0.12262
464 0.357777 1 -0.123259
465 0.358204 0.992196 -0.12262
466 0.359469 0.984693 -0.120727
467 0.361522 0.977777 -0.117654
468 0.364286 0.971716 -0.113518
469 0.367654 0.966741 -0.108478
470 0.371496 0.963045 -0.102728
471 0.375665 0.960769 -0.096488
472 0.377014 1.03923 -0.09721
473 0.374142 1.03696 -0.104142
474 0.371496 1.03326 -0.110531
475 0.369176 1.02828 -0.116131
476 0.367272 1.02222 -0.120727
477 0.365858 1.01531 -0.124142
478 0.364987 1.0078 -0.126245
479 0.364693 1 -0.126955
480 0.364987 0.992196 -0.126245
481 0.365858 0.984693 -0.124142
482 0.367272 0.977777 -0.120727
483 0.369176 0.971716 -0.116131
484 0.371496 0.966741 -0.110531
485 0.374142 0.963045 -0.104142
486 0.377014 0.960769 -0.09721
487 0.378478 1.03923 -0.097654
488 0.377014 1.03696 -0.105013
489 0.375665 1.03326 -0.111796
490 0.374482 1.02828 -0.117741
491 0.373512 1.02222 -0.12262
492 0.37279 1.01531 -0.126245
493 0.372346 1.0078 -0.128478
494 0.372196 1 -0.129231
495 0.372346 0.992196 -0.128478
496 0.37279 0.984693 -0.126245
497 0.373512 0.977777 -0.12262
498 0.374482 0.971716 -0.117741
499 0.375665 0.966741 -0.111796
500 0.377014 0.963045 -0.105013
501 0.378478 0.960769 -0.097654
502 0.38 0.984693 -0.126955
503 0.38 0.977777 -0.123259
504 0.38 0.971716 -0.118284
505 0.38 0.963045 -0.105307
506 0.38 0.960769 -0.097804
507 -0.59 -0.1 0.08
508 -0.59 2.1 0.08
509 -0.59 -0.1 -0.08
510 -0.59 2.1 -0.08
511 -0.53 -0.1 0.08
512 -0.53 2.1 0.08
513 -0.53 -0.1 -0.08
514 -0.53 2.1 -0.08
515 0.53 -0.1 0.08
516 0.53 2.1 0.08
517 0.53 -0.1 -0.08
518 0.53 2.1 -0.08
519 0.59 -0.1 0.08
520 0.59 2.1 0.08
521 0.59 -0.1 -0.08
522 0.59 2.1 -0.08
523 -0.59 2.05 0.08
524 -0.59 2.11 0.08
525 -0.59 2.05 -0.08
526 -0.59 2.11 -0.08
527 0.59 2.05 0.08
528 0.59 2.11 0.08
529 0.59 2.05 -0.08
530 0.59 2.11 -0.08
Faces:
1 2 4 3.
3 4 8 7.
7 8 6 5.
5 6 2 1.
3 7 5 1.
8 4 2 6.
9 10 12 11.
11 12 16 15.
15 16 14 13.
13 14 10 9.
11 15 13 9.
16 12 10 14.
17 18 20 19.
19 20 24 23.
23 24 22 21.
21 22 18 17.
19 23 21 17.
24 20 18 22.
26 25 35 36.
502 33 43 44.
27 26 36 37.
503 502 44 45.
28 27 37 38.
504 503 45 46.
29 28 38 39.
34 504 46 47.
30 29 39 40.
505 34 47 48.
31 30 40 41.
506 505 48 49.
32 31 41 42.
25 321 35.
230 506 49.
33 32 42 43.
42 41 56 57.
35 321 50.
230 49 64.
43 42 57 58.
36 35 50 51.
44 43 58 59.
37 36 51 52.
45 44 59 60.
38 37 52 53.
46 45 60 61.
39 38 53 54.
47 46 61 62.
40 39 54 55.
48 47 62 63.
41 40 55 56.
49 48 63 64.
61 60 75 76.
54 53 68 69.
62 61 76 77.
55 54 69 70.
63 62 77 78.
56 55 70 71.
64 63 78 79.
57 56 71 72.
50 321 65.
230 64 79.
58 57 72 73.
51 50 65 66.
59 58 73 74.
52 51 66 67.
60 59 74 75.
53 52 67 68.
230 79 94.
73 72 87 88.
66 65 80 81.
74 73 88 89.
67 66 81 82.
75 74 89 90.
68 67 82 83.
76 75 90 91.
69 68 83 84.
77 76 91 92.
70 69 84 85.
78 77 92 93.
71 70 85 86.
79 78 93 94.
72 71 86 87.
65 321 80.
92 91 106 107.
85 84 99 100.
93 92 107 108.
86 85 100 101.
94 93 108 109.
87 86 101 102.
80 321 95.
230 94 109.
88 87 102 103.
81 80 95 96.
89 88 103 104.
82 81 96 97.
90 89 104 105.
83 82 97 98.
91 90 105 106.
84 83 98 99.
96 95 110 111.
104 103 118 119.
97 96 111 112.
105 104 119 120.
98 97 112 113.
106 105 120 121.
99 98 113 114.
107 106 121 122.
100 99 114 115.
108 107 122 123.
101 100 115 116.
109 108 123 124.
102 101 116 117.
95 321 110.
230 109 124.
103 102 117 118.
115 114 129 130.
123 122 137 138.
116 115 130 131.
124 123 138 139.
117 116 131 132.
110 321 125.
230 124 139.
118 117 132 133.
111 110 125 126.
119 118 133 134.
112 111 126 127.
120 119 134 135.
113 112 127 128.
121 120 135 136.
114 113 128 129.
122 121 136 137.
134 133 148 149.
127 126 141 142.
135 134 149 150.
128 127 142 143.
136 135 150 151.
129 128 143 144.
137 136 151 152.
130 129 144 145.
138 137 152 153.
131 130 145 146.
139 138 153 154.
132 131 146 147.
125 321 140.
230 139 154.
133 132 147 148.
126 125 140 141.
153 152 167 168.
146 145 160 161.
154 153 168 169.
147 146 161 162.
140 321 155.
230 154 169.
148 147 162 163.
141 140 155 156.
149 148 163 164.
142 141 156 157.
150 149 164 165.
143 142 157 158.
151 150 165 166.
144 143 158 159.
152 151 166 167.
145 144 159 160.
157 156 171 172.
165 164 179 180.
158 157 172 173.
166 165 180 181.
159 158 173 174.
167 166 181 182.
160 159 174 175.
168 167 182 183.
161 160 175 176.
169 168 183 184.
162 161 176 177.
155 321 170.
230 169 184.
163 162 177 178.
156 155 170 171.
164 163 178 179.
176 175 190 191.
184 183 198 199.
177 176 191 192.
170 321 185.
230 184 199.
178 177 192 193.
171 170 185 186.
179 178 193 194.
172 171 186 187.
180 179 194 195.
173 172 187 188.
181 180 195 196.
174 173 188 189.
182 181 196 197.
175 174 189 190.
183 182 197 198.
195 194 209 210.
188 187 202 203.
196 195 210 211.
189 188 203 204.
197 196 211 212.
190 189 204 205.
198 197 212 213.
191 190 205 206.
199 198 213 214.
192 191 206 207.
185 321 200.
230 199 214.
193 192 207 208.
186 185 200 201.
194 193 208 209.
187 186 201 202.
214 213 228 229.
207 206 221 222.
200 321 215.
230 214 229.
208 207 222 223.
201 200 215 216.
209 208 223 224.
202 201 216 217.
210 209 224 225.
203 202 217 218.
211 210 225 226.
204 203 218 219.
212 211 226 227.
205 204 219 220.
213 212 227 228.
206 205 220 221.
226 225 241 242.
219 218 234 235.
227 226 242 243.
220 219 235 236.
228 227 243 244.
221 220 236 237.
229 228 244 245.
222 221 237 238.
215 321 231.
230 229 245.
223 222 238 239.
216 215 231 232.
224 223 239 240.
217 216 232 233.
225 224 240 241.
218 217 233 234.
231 321 246.
230 245 260.
239 238 253 254.
232 231 246 247.
240 239 254 255.
233 232 247 248.
241 240 255 256.
234 233 248 249.
242 241 256 257.
235 234 249 250.
243 242 257 258.
236 235 250 251.
244 243 258 259.
237 236 251 252.
245 244 259 260.
238 237 252 253.
250 249 264 265.
258 257 272 273.
251 250 265 266.
259 258 273 274.
252 251 266 267.
260 259 274 275.
253 252 267 268.
246 321 261.
230 260 275.
254 253 268 269.
247 246 261 262.
255 254 269 270.
248 247 262 263.
256 255 270 271.
249 248 263 264.
257 256 271 272.
269 268 283 284.
262 261 276 277.
270 269 284 285.
263 262 277 278.
271 270 285 286.
264 263 278 279.
272 271 286 287.
265 264 279 280.
273 272 287 288.
266 265 280 281.
274 273 288 289.
267 266 281 282.
275 274 289 290.
268 267 282 283.
261 321 276.
230 275 290.
288 287 302 303.
281 280 295 296.
289 288 303 304.
282 281 296 297.
290 289 304 305.
283 282 297 298.
276 321 291.
230 290 305.
284 283 298 299.
277 276 291 292.
285 284 299 300.
278 277 292 293.
286 285 300 301.
279 278 293 294.
287 286 301 302.
280 279 294 295.
292 291 306 307.
300 299 314 315.
293 292 307 308.
301 300 315 316.
294 293 308 309.
302 301 316 317.
295 294 309 310.
303 302 317 318.
296 295 310 311.
304 303 318 319.
297 296 311 312.
305 304 319 320.
298 297 312 313.
291 321 306.
230 305 320.
299 298 313 314.
311 310 326 327.
319 318 334 335.
312 311 327 328.
320 319 335 336.
313 312 328 329.
306 321 322.
230 320 336.
314 313 329 330.
307 306 322 323.
315 314 330 331.
308 307 323 324.
316 315 331 332.
309 308 324 325.
317 316 332 333.
310 309 325 326.
318 317 333 334.
331 330 345 346.
324 323 338 339.
332 331 346 347.
325 324 339 340.
333 332 347 348.
326 325 340 341.
334 333 348 349.
327 326 341 342.
335 334 349 350.
328 327 342 343.
336 335 350 351.
329 328 343 344.
322 321 337.
230 336 351.
330 329 344 345.
323 322 337 338.
350 349 364 365.
343 342 357 358.
351 350 365 366.
344 343 358 359.
337 321 352.
230 351 366.
345 344 359 360.
338 337 352 353.
346 345 360 361.
339 338 353 354.
347 346 361 362.
340 339 354 355.
348 347 362 363.
341 340 355 356.
349 348 363 364.
342 341 356 357.
362 361 376 377.
355 354 369 370.
363 362 377 378.
356 355 370 371.
364 363 378 379.
357 356 371 372.
365 364 379 380.
358 357 372 373.
366 365 380 381.
359 358 373 374.
352 321 367.
230 366 381.
360 359 374 375.
353 352 367 368.
361 360 375 376.
354 353 368 369.
381 380 395 396.
374 373 388 389.
367 321 382.
230 381 396.
375 374 389 390.
368 367 382 383.
376 375 390 391.
369 368 383 384.
377 376 391 392.
370 369 384 385.
378 377 392 393.
371 370 385 386.
379 378 393 394.
372 371 386 387.
380 379 394 395.
373 372 387 388.
385 384 399 400.
393 392 407 408.
386 385 400 401.
394 393 408 409.
387 386 401 402.
395 394 409 410.
388 387 402 403.
396 395 410 411.
389 388 403 404.
382 321 397.
230 396 411.
390 389 404 405.
383 382 397 398.
391 390 405 406.
384 383 398 399.
392 391 406 407.
404 403 418 419.
397 321 412.
230 411 426.
405 404 419 420.
398 397 412 413.
406 405 420 421.
399 398 413 414.
407 406 421 422.
400 399 414 415.
408 407 422 423.
401 400 415 416.
409 408 423 424.
402 401 416 417.
410 409 424 425.
403 402 417 418.
411 410 425 426.
423 422 437 438.
416 415 430 431.
424 423 438 439.
417 416 431 432.
425 424 439 440.
418 417 432 433.
426 425 440 441.
419 418 433 434.
412 321 427.
230 426 441.
420 419 434 435.
413 412 427 428.
421 420 435 436.
414 413 428 429.
422 421 436 437.
415 414 429 430.
427 321 442.
230 441 456.
435 434 449 450.
428 427 442 443.
436 435 450 451.
429 428 443 444.
437 436 451 452.
430 429 444 445.
438 437 452 453.
431 430 445 446.
439 438 453 454.
432 431 446 447.
440 439 454 455.
433 432 447 448.
441 440 455 456.
434 433 448 449.
446 445 460 461.
454 453 468 469.
447 446 461 462.
455 454 469 470.
448 447 462 463.
456 455 470 471.
449 448 463 464.
442 321 457.
230 456 471.
450 449 464 465.
443 442 457 458.
451 450 465 466.
444 443 458 459.
452 451 466 467.
445 444 459 460.
453 452 467 468.
465 464 479 480.
458 457 472 473.
466 465 480 481.
459 458 473 474.
467 466 481 482.
460 459 474 475.
468 467 482 483.
461 460 475 476.
469 468 483 484.
462 461 476 477.
470 469 484 485.
463 462 477 478.
471 470 485 486.
464 463 478 479.
457 321 472.
230 471 486.
484 483 498 499.
477 476 491 492.
485 484 499 500.
478 477 492 493.
486 485 500 501.
479 478 493 494.
472 321 487.
230 486 501.
480 479 494 495.
473 472 487 488.
481 480 495 496.
474 473 488 489.
482 481 496 497.
475 474 489 490.
483 482 497 498.
476 475 490 491.
496 495 33 502.
489 488 26 27.
497 496 502 503.
490 489 27 28.
498 497 503 504.
491 490 28 29.
499 498 504 34.
492 491 29 30.
500 499 34 505.
493 492 30 31.
501 500 505 506.
494 493 31 32.
487 321 25.
230 501 506.
495 494 32 33.
488 487 25 26.
507 508 510 509.
509 510 514 513.
513 514 512 511.
511 512 508 507.
509 513 511 507.
514 510 508 512.
515 516 518 517.
517 518 522 521.
521 522 520 519.
519 520 516 515.
517 521 519 515.
522 518 516 520.
523 524 526 525.
525 526 530 529.
529 530 528 527.
527 528 524 523.
525 529 527 523.
530 526 524 528.
